
RUF-30mm-Template-Pre-Anton-1.txt:
FTRAC_Template =

  1.0e+002 *

   0.00999907141293   0.00013609270149  -0.00000704668291   0.84989610596379
   0.00013610079900  -0.00999906708757   0.00001157371022   1.90314567323036
  -0.00000688851576  -0.00001166854142  -0.00999999081967  -1.07429703398569
                  0                  0                  0   0.01000000000000

Final_Res_Err =

   0.16873790433758



RUF-30mm-Template-Pre-Anton-2.txt:
FTRAC_Template =

  1.0e+002 *

   0.00999894649843   0.00014495467718   0.00000755401660   0.84930895454899
   0.00014496403111  -0.00999894142958  -0.00001247867855   1.90058471686637
   0.00000737233267   0.00001258686999  -0.00999998936097  -1.07705549221151
                  0                  0                  0   0.01000000000000

Final_Res_Err =

   0.15679216709423




RUF-30mm-Template-Pre-Ameet-1.txt:
FTRAC_Template =

  1.0e+002 *

   0.00999872254438   0.00015963827034  -0.00000794375365   0.84736183538161
   0.00015965605105  -0.00999869931281   0.00002284726011   1.90091865457992
  -0.00000757799071  -0.00002297116831  -0.00999997074493  -1.07575306023630
                  0                  0                  0   0.01000000000000

Final_Res_Err =

   0.16795826134384




RUF-30mm-Template-Pre-Ameet-2.txt:
FTRAC_Template =

  1.0e+002 *

   0.00999870242307   0.00014838086315  -0.00006271343047   0.85238398118222
   0.00014835249066  -0.00999889827275  -0.00000498694603   1.90000550371084
  -0.00006278051790   0.00000405592957  -0.00999980210584  -1.07839248639447
                  0                  0                  0   0.01000000000000

Final_Res_Err =

   0.21249222984518



RUF-30mm-Template-Pre-All.txt:
FTRAC_Template =

  1.0e+002 *

   0.00999903116621   0.00013788075547  -0.00001909540533   0.84980840566373
   0.00013788516782  -0.00999904910098   0.00000218096154   1.90150877796107
  -0.00001906351829  -0.00000244404756  -0.00999998153043  -1.07618030659338
                  0                  0                  0   0.01000000000000


Final_Res_Err =

   0.17761262244027

