
RUF-15mm-Template-Pre-Anton-1.txt:
ftrac_to_template =

    0.9999    0.0150    0.0014   84.9257
    0.0150   -0.9999   -0.0033  175.2599
    0.0014    0.0034   -1.0000 -107.7278
         0         0         0    1.0000


final_res_err =

    0.1404



RUF-15mm-Template-Pre-Anton-2.txt:
ftrac_to_template =

    0.9999    0.0151    0.0040   84.7400
    0.0151   -0.9999   -0.0043  175.5318
    0.0039    0.0044   -1.0000 -107.6003
         0         0         0    1.0000


final_res_err =

    0.1456



RUF-15mm-Template-Pre-Ameet-1.txt:
ftrac_to_template =

    0.9998    0.0160   -0.0072   85.0746
    0.0160   -0.9999    0.0014  175.1333
   -0.0072   -0.0015   -1.0000 -107.8105
         0         0         0    1.0000


final_res_err =

    0.1876



RUF-15mm-Template-Pre-Ameet-2.txt:
ftrac_to_template =

    0.9999    0.0157   -0.0062   85.0639
    0.0157   -0.9999    0.0054  175.1025
   -0.0061   -0.0054   -1.0000 -107.4966
         0         0         0    1.0000


final_res_err =

    0.1779


RUF-15mm-Template-Pre-All.txt:
FTRAC_Template =

  1.0e+002 *

   0.00999870928711   0.00015869806795  -0.00002505024968   0.84972469697709
   0.00015869497997  -0.00999874061347  -0.00000143101433   1.75264844653388
  -0.00002506980481   0.00000103329474  -0.00999996852181  -1.07646848058777
                  0                  0                  0   0.01000000000000


Final_Res_Err =

   0.16058551577121




