ruf-template-2006-11-30-anton-01.txt
a =

    0.9999    0.0153   -0.0033   85.0335
    0.0154   -0.9999    0.0061  160.1238
   -0.0032   -0.0062   -1.0000 -107.2973
         0         0         0    1.0000


b =

    0.1131


ruf-template-2006-11-30-anton-02.txt
a =

    0.9999    0.0148   -0.0044   85.0656
    0.0148   -0.9999    0.0031  160.3088
   -0.0044   -0.0032   -1.0000 -107.2915
         0         0         0    1.0000


b =

    0.1355


ruf-template-2006-11-30-ameet-01.txt
a =

    0.9999    0.0141   -0.0039   85.0248
    0.0141   -0.9999   -0.0014  160.0885
   -0.0039    0.0013   -1.0000 -107.7994
         0         0         0    1.0000


b =

    0.1967


ruf-template-2006-11-30-ameet-02.txt
a =

    0.9999    0.0155    0.0014   84.8421
    0.0155   -0.9999    0.0008  160.1333
    0.0014   -0.0007   -1.0000 -107.5421
         0         0         0    1.0000


b =

    0.1966


ruf-template-2006-11-30-all.txt
a =

    0.9999    0.0143   -0.0025   84.9766
    0.0143   -0.9999    0.0013  160.1651
   -0.0025   -0.0013   -1.0000 -107.5333
         0         0         0    1.0000


b =

    0.1707

FTRAC_Template =

  1.0e+002 *

   0.00999894599888   0.00014306886136  -0.00002470247941   0.84976607411048
   0.00014310104555  -0.00999896772883   0.00001290149907   1.60165130019690
  -0.00002451534917  -0.00001325363432  -0.00999996116687  -1.07533259708400
                  0                  0                  0   0.01000000000000


Final_Res_Err =

   0.17074887538817


