needle = [290.214844 3.795117 26.789063]';