% LoadCalibrationPatternGeometry
%
% Return a 18*3 matrix of the positions of line intersections in the
% calibration grid.  The X and Y coordinates were obtained through
% PrintCalibrationPhantomTakeFile . The Z coordinates were computed from
% the cross-section chart.

calibrationPhantomPoints = [...
-70.71068     0.00000    15.98000; ...
  0.00000    70.71068    15.98000; ...
 -0.00000   -70.71068    15.98000; ...
 70.71068    -0.00000    15.98000; ...
-35.35534   -35.35534    15.98000; ...
 35.35534    35.35534    15.98000; ...
-35.35534    35.35534    15.98000; ...
 35.35534   -35.35534    15.98000; ...
  0.00000     0.00000    15.98000; ...
-70.71068     0.00000   114.60000; ...
  0.00000    70.71068   114.60000; ...
 -0.00000   -70.71068   114.60000; ...
 70.71068    -0.00000   114.60000; ...
-35.35534   -35.35534   114.60000; ...
 35.35534    35.35534   114.60000; ...
-35.35534    35.35534   114.60000; ...
 35.35534   -35.35534   114.60000; ...
  0.00000     0.00000   114.60000];
