>> FTRAC_to_Template_Calibration('2007-09-18-Anton-00.txt')

ans =

    0.9999    0.0131    0.0018   84.9078
    0.0131   -0.9999   -0.0031  160.0533
    0.0018    0.0032   -1.0000 -107.6607
         0         0         0    1.0000


>> FTRAC_to_Template_Calibration('2007-09-18-All-15.txt')

ans =

    0.9999    0.0122    0.0027   85.0587
    0.0122   -0.9999    0.0005  174.9521
    0.0027   -0.0004   -1.0000 -107.5035
         0         0         0    1.0000


>> FTRAC_to_Template_Calibration('2007-09-18-All-30.txt')

ans =

    0.9999    0.0108    0.0006   85.2210
    0.0108   -0.9999    0.0009  189.9661
    0.0006   -0.0009   -1.0000 -107.4461
         0         0         0    1.0000
