Anton:

ruf-template-001-anton.txt
T =

  1.0e+002 *

   0.00999994137457   0.00002907099443  -0.00001809371348   0.79598876164390
   0.00002923789577  -0.00999952563120   0.00009291015264   1.55148158570749
  -0.00001782275611  -0.00009296251016  -0.00999955200602  -1.16020706359400
                  0                  0                  0   0.01000000000000


E =

   0.26805632903685


ruf-template-005-anton.txt
T =

  1.0e+002 *

   0.00999979829565   0.00005736559788  -0.00002726232651   0.79501750216394
   0.00005763291353  -0.00999934377601   0.00009900755751   1.54847564863294
  -0.00002669257472  -0.00009916268122  -0.00999947269955  -1.16294278338153
                  0                  0                  0   0.01000000000000


E =

   0.25534451814654



ruf-template-006-anton.txt
T =

  1.0e+002 *

   0.00999985280879   0.00005420497500  -0.00000237131927   0.79239804697132
   0.00005422911666  -0.00999916128998   0.00011761249876   1.55089971962001
  -0.00000173360212  -0.00011762362706  -0.00999930805991  -1.16051087357259
                  0                  0                  0   0.01000000000000


E =

   0.25934927399524


Ameet:

ruf-template-002-ameet.txt
T =

  1.0e+002 *

   0.00999992084911   0.00003178360860  -0.00002393352593   0.79355715884930
   0.00003211433551  -0.00999897621951   0.00013943898687   1.55352992236401
  -0.00002348788825  -0.00013951474412  -0.00999899914768  -1.15751736515718
                  0                  0                  0   0.01000000000000


E =

   0.23242080892763


ruf-template-003-ameet.txt
T =

  1.0e+002 *

   0.00999969759156   0.00005313418661  -0.00005678763582   0.79007610019390
   0.00005410675901  -0.00999836557408   0.00017250595861   1.55297790098447
  -0.00005586175792  -0.00017280800137  -0.00999835070692  -1.15762557287207
                  0                  0                  0   0.01000000000000


E =

   0.22808204323262


ruf-template-004-ameet.txt
T =

  1.0e+002 *

   0.00999986543285   0.00004384806975  -0.00002772492731   0.79301257366943
   0.00004421028538  -0.00999903150973   0.00013196332078   1.54960418655370
  -0.00002714360849  -0.00013208411768  -0.00999909080919  -1.16136962670618
                  0                  0                  0   0.01000000000000


E =

   0.24442856129097


All_anton
Crashes

all_ameet
T =

  1.0e+002 *

   0.00999982906506   0.00004486116435  -0.00003749860568   0.79212997435941
   0.00004542627933  -0.00999874152176   0.00015200142826   1.55192157211168
  -0.00003681199045  -0.00015216917224  -0.00999877439591  -1.15878856606534
                  0                  0                  0   0.01000000000000


E =

   0.23384973747871

All_data
T =

  1.0e+002 *

   0.00999984536853   0.00004721697326  -0.00002937963484   0.79319730925462
   0.00004759110085  -0.00999905977258   0.00012860307707   1.55086638694883
  -0.00002876964768  -0.00012874090937  -0.00999912986642  -1.16022154173518
                  0                  0                  0   0.01000000000000


E =

   0.24506019248551

























