Anton:

ruf-template-001-Anton-Post
T =

  1.0e+002 *

   0.00999993792819   0.00003505218398  -0.00000357445568   0.79575575587503
   0.00003509896457  -0.00999895054114   0.00014055653118   1.55366484098296
  -0.00000308139922  -0.00014056820469  -0.00999901150538  -1.15872451900453
                  0                  0                  0   0.01000000000000


E =

   0.26093625232639


ruf-template-002-Anton-Post
T =

  1.0e+002 *

   0.00999985951831   0.00004993632914  -0.00001777574592   0.79598901557438
   0.00005015083630  -0.00999912085926   0.00012274744587   1.54829963888035
  -0.00001716122750  -0.00012283486835  -0.00999923082479  -1.16306305672260
                  0                  0                  0   0.01000000000000


E =

   0.26021178719093



ruf-template-003-Anton-Post
T =

  1.0e+002 *

   0.00999983086286   0.00005529058977   0.00001804618917   0.79488038672129
   0.00005501513795  -0.00999873443173   0.00014927524338   1.55126358720096
   0.00001886925693  -0.00014917343722  -0.00999886949794  -1.15813207859387
                  0                  0                  0   0.01000000000000


E =

   0.25102741556410



Ameet:


ruf-template-005-Ameet-Post
T =

  1.0e+002 *

   0.00999985250884   0.00005390049406  -0.00000667369005   0.79523703674982
   0.00005406552057  -0.00999597157290   0.00027862023142   1.54428042506091
  -0.00000516922479  -0.00027865220367  -0.00999611555698  -1.15607675340791
                  0                  0                  0   0.01000000000000


E =

   0.24534298383110


ruf-template-007-Ameet-Post
T =

  1.0e+002 *

   0.00999972636215   0.00004067072655  -0.00006179461287   0.79572952573235
   0.00004180778597  -0.00999820109987   0.00018500506890   1.54963676047973
  -0.00006103106758  -0.00018525835606  -0.00999809754655  -1.15888297433826
                  0                  0                  0   0.01000000000000


E =

   0.23502161718803


All_Anton
T =

  1.0e+002 *

   0.00999985075936   0.00005453627605  -0.00000325346845   0.79528543628794
   0.00005457810803  -0.00999877673008   0.00014657807496   1.55221897166818
  -0.00000245368823  -0.00014659364423  -0.00999892515638  -1.15886103881283
                  0                  0                  0   0.01000000000000


E =

   0.26173991584552


All_Ameet
T =

  1.0e+002 *

   0.00999983670352   0.00004571229250  -0.00003429707410   0.79571612080355
   0.00004648608144  -0.00999726878228   0.00022903261575   1.54736263400691
  -0.00003324074623  -0.00022918830939  -0.00999731802893  -1.15726440021385
                  0                  0                  0   0.01000000000000


E =

   0.23898345279366


All
T =

  1.0e+002 *

   0.00999986751438   0.00004610743392  -0.00002288666424   0.79564989338678
   0.00004654340487  -0.00999800500951   0.00019424093629   1.54938460386802
  -0.00002198650326  -0.00019434488520  -0.00999808715001  -1.15823210379216
                  0                  0                  0   0.01000000000000


E =

   0.25164645445028

BAD-----------------------------------------------------------------------------------------


ruf-template-004-Anton-Post - short scan
T =

  1.0e+002 *

   0.00999998324581   0.00000412708710   0.00001783397548   0.80121319183824
  -0.00000387607367   0.00999901183497  -0.00014052508732  -1.59481573561527
  -0.00001789020912   0.00014051793930   0.00999899668213   0.91581998089675
                  0                  0                  0   0.01000000000000


E =

   0.22430215097161





ruf-template-006-Ameet-Post - bad
T =

  1.0e+002 *

   0.00999975936194   0.00006401028286  -0.00002674671939   0.79514885759206
   0.00006457164364  -0.00999747246349   0.00021534819397   1.54684577971859
  -0.00002536150917  -0.00021551571983  -0.00999764521117  -1.15961545807814
                  0                  0                  0   0.01000000000000


E =

   0.22248390461532


ruf-template-008-Ameet-Post - short scan
T =

  1.0e+002 *

   0.00999982701271   0.00004259253088  -0.00004056589934   0.79706134095251
   0.00004345564349  -0.00999759164499   0.00021511138318   1.54672485072210
  -0.00003963991581  -0.00021528394375  -0.00999760378794  -1.15803437875725
                  0                  0                  0   0.01000000000000


E =

   0.23353830603294






















